16.9433
8.03486
8.84983
13.2366
8.5332
9.92466
13.4443
11.3134
10.2011
11.2864
11.4122
10.8175
9.04012
11.7149
10.0987
8.08036
9.87724
9.4534
8.46685
8.4092
6.24827
9.13969
8.27458
13.1735
10.4034
12.5439
10.8554
9.99304
10.3051
8.18662
8.93117
7.62393
6.93852
10.7605
11.198
10.7016
11.1295
7.43207
11.0446
7.52351
7.74004
10.012
8.37171
8.88686
7.23196
7.72939
10.238
7.22074
8.90572
12.4704
8.50326
9.65663
7.84594
9.49533
10.9744
8.09697
9.70222
6.61631
9.01563
10.031
8.18757
10.0553
11.2916
9.31501
8.01772
9.79967
10.6522
10.922
11.0384
9.89234
7.31981
9.16814
7.38136
9.68051
9.87294
9.59236
11.5278
10.6352
14.1257
9.33858
11.9148
7.8466
11.312
11.9063
9.4471
10.6212
9.2115
6.63366
10.5747
10.3394
9.99446
11.1884
7.87981
6.55085
9.01275
7.66636
8.60068
9.3946
9.69871
10.5056
10.7414
9.6606
10.2815
11.147
10.7296
10.9678
7.39248
7.67911
6.83905
11.8313
7.70453
9.04073
8.17359
7.85927
10.8492
10.9645
8.25158
9.6795
13.6099
12.2355
7.75551
9.92199
9.36091
12.5685
8.15901
10.9334
10.6261
14.2718
9.70169
11.7173
15.1304
10.2087
8.68796
10.7113
10.3829
8.70542
8.25592
9.72676
7.92083
15.4376
7.66756
10.779
6.1715
9.44123
11.8919
8.85689
10.5597
8.56423
9.54915
10.9226
12.0484
10.7666
7.20835
7.65832
9.89567
11.5301
9.85939
13.1668
14.1411
9.14527
8.33575
9.19056
10.7898
10.9509
10.5583
7.43608
11.4531
11.2596
8.59472
8.73286
13.5217
9.61356
9.15352
3.03821
12.2419
4.65314
8.05858
5.47425
10.5402
11.2254
10.5786
13.6439
9.98546
10.15
9.80723
11.1245
10.4036
10.9511
13.3682
6.03303
8.83496
12.2483
8.94737
9.06209
8.95668
13.1283
12.0569
11.3701
10.192
9.53711
